0,0,0,0,0,0,0,0,0,0,-0.16459,-0.11987,-0.16999,-0.18433,-0.16297,-0.15035,-0.18773,-0.19838,-0.19506,-0.10828,-0.12261,-0.12293,-0.12093,-0.15056,-0.15732,-0.13133,-0.14997,-0.16533,-0.049223,-0.074397,-0.088045,-0.008848,-0.012361,-0.12925,-0.096117,-0.1178,-0.15304,-0.056455,-0.0084073,-0.077482,-0.027739,0.032374,0.042198,0.016393,0.078512,0.12579,0.022613,0.11483,-0.19129,0,0,0,0,0,0,0,0,0,0,0,0,0,0,0,0,0,0,0,0,0,0,0,0,0,0,0,0,0,0,0,0,0,0,0,0,0,0,0,0,0,0,0,0,0,0,0,0,0,1.0461,1.045,1.0221,0.99886,0.99427,0.99717,0.94151,0.95527,1.0114,1.0092,1.0039,0.99127,1.0058,1.002,0.99532,1.0076,1.016,1.017,1.0409,0.986,1.0147,1.0407,1.0353,1.0152,1.054,1.045,1.0257,1.0488,1.0505,1.0475,1.04,0.9831,0.9972,1.0123,1.0493,1.0635,1.0278,1.0265,1.03,2.2204e-16,2.2204e-16,0,0,4.4409e-16,-1.1102e-16,0,-2.2204e-16,0,4.4409e-16,0,0,0,4.4409e-16,0,0,-4.4409e-16,0,0,-8.6736e-19,-6.9389e-18,0,0,0,0,-8.8818e-16,0,-5.5511e-17,0,0,0,0,0,0,0,0,0,0,0,0,4.4409e-16,0,0,0,0,8.8818e-16,26.818,-14.203,4.1809,38.33,3.9447
0.1813,0.12452,0.19862,0.18298,0.21545,0.15849,0.1324,0.19155,0.19025,0.038922,-0.14868,-0.084062,-0.13829,-0.15726,-0.13878,-0.12623,-0.16502,-0.17634,-0.18427,-0.080625,-0.096187,-0.096332,-0.093491,-0.12328,-0.12971,-0.10343,-0.11923,-0.1343,-0.018536,-0.040419,-0.063402,0.012732,0.0089453,-0.1024,-0.056623,-0.077477,-0.11719,-0.022426,0.023884,-0.035507,-0.0011236,0.06501,0.068404,0.058153,0.098717,0.14762,0.057971,0.14164,-0.18752,0.42677,0,0.50884,0,0.49301,0,0,0,0,0,0,0,0,0,0,0,0,0,0,0,0,0,0,0,0,0,0,0,0,0,0,0,0,0,-0.55692,-0.65884,0,0,0,0,0,0,0,0,0,0,0,0,0,1.0461,1.045,1.0221,0.99886,0.99427,0.99717,0.94151,0.95527,1.0114,1.0092,1.0039,0.99127,1.0058,1.002,0.99532,1.0076,1.016,1.017,1.0409,0.986,1.0147,1.0407,1.0353,1.0152,1.054,1.045,1.0257,1.0488,1.0505,1.0438,0.98954,0.99884,1.0368,0.9813,1.0366,1.025,1.0466,1.0428,1.0281,-0.52848,0.51978,0.29031,-0.47251,-0.36265,0.22177,0.052319,0.22266,-0.016183,0.18229,-0.026238,0.14419,-0.28012,0.13064,0.29969,0.29232,0.2915,0.051701,-0.35962,0.0039299,-0.019401,0.016549,-0.015226,-0.031338,-0.32675,-0.14939,0.24647,0.18174,-0.035689,-0.30787,0.074215,-0.24468,-0.26244,0.23031,0.030673,0.18425,-0.16545,0.18137,-0.02823,0.094166,0.32576,0.14527,0.14027,0.12665,0.24788,-0.14872,26.818,-14.203,4.1809,38.33,3.9447
0.30265,0.25932,0.30986,0.29734,0.33592,0.29857,0.28373,0.30244,0.28013,0.24037,-0.083085,0.0055045,-0.047594,-0.069316,-0.05406,-0.041384,-0.082519,-0.094989,-0.12159,0.0082908,-0.0086665,-0.0083354,-0.0044655,-0.033633,-0.035566,-0.0072321,-0.023778,-0.040731,0.083628,0.066956,0.032813,0.10914,0.10543,-0.0062232,0.036282,0.023086,-0.019027,0.078208,0.12467,0.056438,0.083039,0.16042,0.16983,0.17308,0.19538,0.24491,0.14918,0.24279,-0.13638,0.65742,0,0.91043,0,0.85721,0,0,0,0,0,0,0,0,0,0,0,0,0,0,0,0,0,0,0,0,0,0,0,0,0,0,0,0,0,-0.81367,-1.0997,0,0,0,0,0,0,0,0,0,0,0,0,0,1.0461,1.045,1.0221,0.99886,0.99427,0.99717,0.94151,0.95527,1.0114,1.0092,1.0039,0.99127,1.0058,1.002,0.99532,1.0076,1.016,1.017,1.0409,0.986,1.0147,1.0407,1.0353,1.0152,1.054,1.045,1.0257,1.0488,1.0505,1.0429,0.98948,0.99776,1.0368,0.98056,1.0366,1.025,1.0468,1.0427,1.0269,-1.1641,1.1384,0.21018,-0.89994,-0.50297,0.35364,-0.17219,0.47342,-0.14799,0.46776,0.02186,0.38311,-0.60695,0.35584,0.7964,0.7715,0.6202,0.025743,-0.67482,0.014817,-0.042993,-0.045539,-0.22182,-0.2505,-0.24102,-0.46901,0.24519,0.18536,0.20117,-0.4712,0.12979,-0.63215,-0.66172,0.21601,0.022293,0.16459,-0.15641,0.15036,-0.28933,0.17322,0.50051,0.14365,0.13629,0.11516,0.22289,-0.17562,26.818,-14.203,4.1809,38.33,3.9447
0.43793,0.43218,0.45161,0.41089,0.43539,0.41742,0.40396,0.43692,0.42695,0.48966,0.063552,0.15125,0.096503,0.074277,0.089547,0.10223,0.061148,0.048792,0.024232,0.15302,0.13562,0.13562,0.13982,0.10983,0.10623,0.13396,0.11882,0.10237,0.22621,0.21223,0.17181,0.24609,0.24233,0.13428,0.18229,0.16921,0.1254,0.22092,0.2665,0.20341,0.22486,0.30978,0.31088,0.3223,0.33051,0.37916,0.2936,0.38279,0.011261,0.78206,0,1.2274,0,1.1263,0,0,0,0,0,0,0,0,0,0,0,0,0,0,0,0,0,0,0,0,0,0,0,0,0,0,0,0,0,-0.93201,-1.3948,0,0,0,0,0,0,0,0,0,0,0,0,0,1.0461,1.045,1.0221,0.99886,0.99427,0.99717,0.94151,0.95527,1.0114,1.0092,1.0039,0.99127,1.0058,1.002,0.99532,1.0076,1.016,1.017,1.0409,0.986,1.0147,1.0407,1.0353,1.0152,1.054,1.045,1.0257,1.0488,1.0505,1.0426,0.98977,0.99697,1.037,0.98013,1.0367,1.0253,1.0469,1.043,1.0263,-1.1404,1.0939,0.32643,-0.93391,-0.57584,0.37781,-0.094515,0.47236,-0.13811,0.45295,0.024512,0.37766,-0.68856,0.3335,0.74211,0.69558,0.72493,0.1301,-0.89937,0.0072296,-0.05065,0.036195,-0.14493,-0.18688,-0.40203,-0.54328,0.41148,0.30532,0.13724,-0.58153,0.24535,-0.83225,-0.87009,0.36982,0.027347,0.30086,-0.26374,0.2515,-0.29329,0.2475,0.62417,0.22236,0.21142,0.17999,0.34865,-0.24429,26.818,-14.203,4.1809,38.33,3.9447
0.6239,0.62733,0.63081,0.6107,0.6258,0.60577,0.59686,0.62329,0.6075,0.64615,0.28782,0.36639,0.30904,0.28665,0.30275,0.31533,0.27517,0.26339,0.24815,0.36616,0.34866,0.34806,0.35246,0.32151,0.31504,0.34172,0.32822,0.31288,0.43354,0.42096,0.3776,0.45014,0.44634,0.34139,0.39652,0.3809,0.33592,0.42861,0.47316,0.41987,0.43528,0.52622,0.51675,0.53336,0.53313,0.5811,0.50637,0.58735,0.24154,0.84941,0,1.4775,0,1.325,0,0,0,0,0,0,0,0,0,0,0,0,0,0,0,0,0,0,0,0,0,0,0,0,0,0,0,0,0,-0.98654,-1.5922,0,0,0,0,0,0,0,0,0,0,0,0,0,1.0461,1.045,1.0221,0.99886,0.99427,0.99717,0.94151,0.95527,1.0114,1.0092,1.0039,0.99127,1.0058,1.002,0.99532,1.0076,1.016,1.017,1.0409,0.986,1.0147,1.0407,1.0353,1.0152,1.054,1.045,1.0257,1.0488,1.0505,1.0425,0.99011,0.99643,1.0371,0.97987,1.0368,1.0256,1.0471,1.0432,1.026,-0.89857,0.83566,0.51071,-0.81602,-0.65446,0.38565,0.063789,0.40824,-0.084165,0.3345,-0.011861,0.28369,-0.68056,0.22174,0.4942,0.43127,0.74854,0.24839,-1.0592,-0.0063623,-0.055078,0.13197,-0.013402,-0.07393,-0.59102,-0.5206,0.5606,0.41676,-0.0028067,-0.64889,0.35506,-0.93581,-0.99284,0.50034,0.032125,0.40819,-0.35647,0.32969,-0.20691,0.31566,0.70969,0.31489,0.29937,0.25462,0.49338,-0.34792,26.818,-14.203,4.1809,38.33,3.9447
0.75409,0.74523,0.75401,0.75673,0.75649,0.7449,0.74698,0.74928,0.74383,0.7426,0.56521,0.64242,0.58463,0.56257,0.57889,0.59153,0.55137,0.53964,0.5256,0.64333,0.62544,0.62458,0.62924,0.59756,0.59001,0.61635,0.6032,0.58804,0.70911,0.69801,0.6514,0.72328,0.71942,0.61573,0.67237,0.65706,0.61144,0.70331,0.7476,0.6964,0.71049,0.80739,0.79169,0.81296,0.80588,0.85341,0.78125,0.86124,0.52001,0.88582,0,1.675,0,1.4719,0,0,0,0,0,0,0,0,0,0,0,0,0,0,0,0,0,0,0,0,0,0,0,0,0,0,0,0,0,-1.0117,-1.7244,0,0,0,0,0,0,0,0,0,0,0,0,0,1.0461,1.045,1.0221,0.99886,0.99427,0.99717,0.94151,0.95527,1.0114,1.0092,1.0039,0.99127,1.0058,1.002,0.99532,1.0076,1.016,1.017,1.0409,0.986,1.0147,1.0407,1.0353,1.0152,1.054,1.045,1.0257,1.0488,1.0505,1.0424,0.9902,0.9958,1.0371,0.97955,1.0369,1.0258,1.0472,1.0433,1.026,-0.86252,0.78909,0.54165,-0.79402,-0.68481,0.36988,0.097986,0.39101,-0.094483,0.32511,0.0072316,0.28346,-0.75303,0.2103,0.46229,0.38896,0.83924,0.33999,-1.2521,-0.012529,-0.061187,0.20478,0.036454,-0.03762,-0.63185,-0.57105,0.62329,0.46786,-0.024277,-0.68154,0.40247,-1.0466,-1.1266,0.5498,0.039318,0.43747,-0.39396,0.35836,-0.2171,0.36135,0.75567,0.34838,0.3295,0.27447,0.53088,-0.38596,26.818,-14.203,4.1809,38.33,3.9447
0.81941,0.82026,0.83535,0.82487,0.8256,0.81492,0.81794,0.81544,0.81907,0.82769,0.87964,0.95738,0.89948,0.87753,0.89384,0.90653,0.86621,0.85445,0.83997,0.95902,0.94087,0.93987,0.94473,0.9127,0.90483,0.9311,0.91799,0.90282,1.0249,1.0153,0.9657,1.0372,1.0333,0.93031,0.98738,0.97235,0.92646,1.0175,1.0615,1.0117,1.0252,1.1256,1.1069,1.1323,1.1197,1.1665,1.0961,1.1746,0.8343,0.90548,0,1.8309,0,1.5804,0,0,0,0,0,0,0,0,0,0,0,0,0,0,0,0,0,0,0,0,0,0,0,0,0,0,0,0,0,-1.0232,-1.8128,0,0,0,0,0,0,0,0,0,0,0,0,0,1.0461,1.045,1.0221,0.99886,0.99427,0.99717,0.94151,0.95527,1.0114,1.0092,1.0039,0.99127,1.0058,1.002,0.99532,1.0076,1.016,1.017,1.0409,0.986,1.0147,1.0407,1.0353,1.0152,1.054,1.045,1.0257,1.0488,1.0505,1.0424,0.99025,0.99541,1.0372,0.97933,1.0369,1.0259,1.0472,1.0433,1.0259,-0.87641,0.79504,0.54926,-0.80082,-0.70557,0.3647,0.10355,0.39165,-0.10824,0.33723,0.026987,0.29933,-0.80495,0.21795,0.47379,0.39231,0.90202,0.38752,-1.3713,-0.015622,-0.065778,0.24037,0.050885,-0.030109,-0.63662,-0.62849,0.65719,0.49693,-0.022549,-0.69502,0.44539,-1.1559,-1.2364,0.57634,0.051118,0.44439,-0.41601,0.38689,-0.22678,0.36822,0.77596,0.37479,0.35418,0.29397,0.56721,-0.39795,26.818,-14.203,4.1809,38.33,3.9447
0.88464,0.88245,0.88482,0.87315,0.8851,0.87644,0.8725,0.88438,0.87405,0.89381,1.223,1.2984,1.2402,1.2187,1.2353,1.248,1.2078,1.1962,1.1836,1.3008,1.2825,1.2814,1.2863,1.2538,1.245,1.2709,1.2581,1.2431,1.3651,1.3561,1.3049,1.3759,1.3719,1.2699,1.3281,1.3128,1.2667,1.3568,1.4005,1.3528,1.366,1.4693,1.4468,1.474,1.458,1.5045,1.4363,1.5131,1.1793,0.91607,0,1.9539,0,1.6605,0,0,0,0,0,0,0,0,0,0,0,0,0,0,0,0,0,0,0,0,0,0,0,0,0,0,0,0,0,-1.0285,-1.8719,0,0,0,0,0,0,0,0,0,0,0,0,0,1.0461,1.045,1.0221,0.99886,0.99427,0.99717,0.94151,0.95527,1.0114,1.0092,1.0039,0.99127,1.0058,1.002,0.99532,1.0076,1.016,1.017,1.0409,0.986,1.0147,1.0407,1.0353,1.0152,1.054,1.045,1.0257,1.0488,1.0505,1.0424,0.99033,0.99502,1.0372,0.97926,1.0369,1.0259,1.0473,1.0434,1.0259,-0.81442,0.72651,0.57087,-0.7621,-0.70982,0.34632,0.13751,0.36564,-0.10659,0.31398,0.035819,0.28457,-0.82759,0.19712,0.42361,0.33578,0.93423,0.44183,-1.4636,-0.019504,-0.067527,0.28742,0.093921,0.0073301,-0.66748,-0.64575,0.70296,0.53111,-0.050569,-0.70361,0.47035,-1.2015,-1.2836,0.61625,0.052915,0.47684,-0.44452,0.41132,-0.21583,0.39387,0.79028,0.4004,0.37841,0.31407,0.60603,-0.42304,26.818,-14.203,4.1809,38.33,3.9447
0.92914,0.931,0.94036,0.93538,0.93095,0.9262,0.92886,0.92603,0.92916,0.93537,1.588,1.6614,1.6029,1.5817,1.5986,1.6114,1.5713,1.5598,1.5487,1.6645,1.6461,1.6448,1.6498,1.6169,1.6072,1.6329,1.6202,1.6055,1.7273,1.7186,1.6664,1.7369,1.7329,1.6317,1.6908,1.6751,1.6289,1.7183,1.7619,1.7159,1.7288,1.8348,1.8089,1.8373,1.8186,1.8651,1.7985,1.874,1.5455,0.9218,0,2.051,0,1.7197,0,0,0,0,0,0,0,0,0,0,0,0,0,0,0,0,0,0,0,0,0,0,0,0,0,0,0,0,0,-1.031,-1.9116,0,0,0,0,0,0,0,0,0,0,0,0,0,1.0461,1.045,1.0221,0.99886,0.99427,0.99717,0.94151,0.95527,1.0114,1.0092,1.0039,0.99127,1.0058,1.002,0.99532,1.0076,1.016,1.017,1.0409,0.986,1.0147,1.0407,1.0353,1.0152,1.054,1.045,1.0257,1.0488,1.0505,1.0424,0.99039,0.99476,1.0372,0.97912,1.0369,1.026,1.0474,1.0435,1.0259,-0.7626,0.67081,0.58837,-0.7289,-0.71527,0.32974,0.16699,0.34478,-0.10625,0.29389,0.03999,0.27069,-0.85355,0.17953,0.3823,0.29025,0.96826,0.49198,-1.5508,-0.022786,-0.069256,0.33021,0.13187,0.039681,-0.69189,-0.66034,0.74039,0.55931,-0.075533,-0.70824,0.47603,-1.2245,-1.3252,0.64925,0.053051,0.50581,-0.46757,0.42658,-0.20392,0.41607,0.80033,0.41976,0.39631,0.32759,0.63277,-0.44494,26.818,-14.203,4.1809,38.33,3.9447
0.96684,0.96423,0.96742,0.96448,0.96778,0.96382,0.96351,0.96593,0.96173,0.96396,1.9677,2.0408,1.9824,1.9614,1.9785,1.9912,1.9512,1.9396,1.9286,2.0447,2.0262,2.0248,2.0298,1.9966,1.9866,2.0121,1.9995,1.9848,2.1068,2.0988,2.0454,2.1159,2.1118,2.0109,2.0702,2.0544,2.0082,2.0971,2.1405,2.0953,2.1087,2.2162,2.188,2.2184,2.1976,2.2437,2.1778,2.2524,1.9255,0.92486,0,2.1276,0,1.7634,0,0,0,0,0,0,0,0,0,0,0,0,0,0,0,0,0,0,0,0,0,0,0,0,0,0,0,0,0,-1.0321,-1.938,0,0,0,0,0,0,0,0,0,0,0,0,0,1.0461,1.045,1.0221,0.99886,0.99427,0.99717,0.94151,0.95527,1.0114,1.0092,1.0039,0.99127,1.0058,1.002,0.99532,1.0076,1.016,1.017,1.0409,0.986,1.0147,1.0407,1.0353,1.0152,1.054,1.045,1.0257,1.0488,1.0505,1.0424,0.99041,0.99448,1.0373,0.97906,1.0369,1.0261,1.0474,1.0435,1.0259,-0.75435,0.65939,0.58722,-0.72085,-0.71712,0.31652,0.17565,0.33382,-0.11183,0.29467,0.055022,0.27506,-0.87442,0.18066,0.38096,0.28597,0.99398,0.52231,-1.61,-0.02455,-0.070582,0.35619,0.14911,0.053698,-0.6926,-0.67502,0.75384,0.57196,-0.080758,-0.70707,0.51057,-1.2736,-1.3737,0.65917,0.061405,0.50412,-0.47686,0.44032,-0.20179,0.41824,0.8025,0.43163,0.40737,0.33621,0.64946,-0.44524,26.818,-14.203,4.1809,38.33,3.9447
0.9846,0.9857,0.99231,0.98901,0.98645,0.98351,0.98504,0.983,0.98575,0.98812,2.3579,2.4309,2.3725,2.3517,2.3689,2.3816,2.3415,2.3299,2.319,2.4354,2.4168,2.4153,2.4205,2.3871,2.3768,2.4022,2.3896,2.3749,2.4973,2.4895,2.4353,2.5056,2.5016,2.4009,2.4602,2.4445,2.3982,2.4868,2.5301,2.4856,2.4987,2.6082,2.5787,2.6093,2.587,2.6334,2.5676,2.6419,2.3159,0.92653,0,2.1882,0,1.7958,0,0,0,0,0,0,0,0,0,0,0,0,0,0,0,0,0,0,0,0,0,0,0,0,0,0,0,0,0,-1.0326,-1.9558,0,0,0,0,0,0,0,0,0,0,0,0,0,1.0461,1.045,1.0221,0.99886,0.99427,0.99717,0.94151,0.95527,1.0114,1.0092,1.0039,0.99127,1.0058,1.002,0.99532,1.0076,1.016,1.017,1.0409,0.986,1.0147,1.0407,1.0353,1.0152,1.054,1.045,1.0257,1.0488,1.0505,1.0424,0.99044,0.99432,1.0372,0.97899,1.0369,1.0261,1.0474,1.0435,1.0259,-0.75087,0.65332,0.58618,-0.70684,-0.72617,0.3084,0.18039,0.32997,-0.11956,0.29708,0.06551,0.2801,-0.90008,0.18195,0.38086,0.28332,1.0232,0.54631,-1.6684,-0.025483,-0.07203,0.37715,0.16026,0.063223,-0.69093,-0.695,0.77029,0.58196,-0.082867,-0.70524,0.49274,-1.29,-1.3815,0.67265,0.052687,0.52161,-0.48467,0.44265,-0.2022,0.42976,0.80219,0.43914,0.41453,0.34234,0.65902,-0.46152,26.818,-14.203,4.1809,38.33,3.9447
1.003,1.0059,1.0049,0.9986,1.007,1.0034,1.0003,1.0046,1.0007,1.0067,2.7564,2.8287,2.7704,2.7499,2.7672,2.78,2.7399,2.7283,2.7177,2.834,2.8152,2.8138,2.8189,2.7853,2.7747,2.7999,2.7873,2.7726,2.8951,2.8875,2.8329,2.903,2.8989,2.7986,2.8579,2.8422,2.7959,2.8842,2.9276,2.8831,2.897,3.0076,2.9762,3.0079,2.9844,3.0304,2.9651,3.0392,2.7149,0.92741,0,2.236,0,1.8197,0,0,0,0,0,0,0,0,0,0,0,0,0,0,0,0,0,0,0,0,0,0,0,0,0,0,0,0,0,-1.0328,-1.9676,0,0,0,0,0,0,0,0,0,0,0,0,0,1.0461,1.045,1.0221,0.99886,0.99427,0.99717,0.94151,0.95527,1.0114,1.0092,1.0039,0.99127,1.0058,1.002,0.99532,1.0076,1.016,1.017,1.0409,0.986,1.0147,1.0407,1.0353,1.0152,1.054,1.045,1.0257,1.0488,1.0505,1.0424,0.99046,0.99414,1.0373,0.97895,1.037,1.0261,1.0474,1.0435,1.0259,-0.73151,0.63251,0.57906,-0.69896,-0.71186,0.29283,0.18739,0.31755,-0.1231,0.29178,0.072294,0.27716,-0.91575,0.17882,0.37228,0.27316,1.0412,0.57181,-1.7107,-0.026591,-0.072416,0.4,0.1778,0.078604,-0.69316,-0.70098,0.78125,0.59224,-0.088719,-0.70344,0.51434,-1.3091,-1.4142,0.68281,0.060764,0.5244,-0.4934,0.45284,-0.2023,0.43816,0.80265,0.44468,0.41947,0.34544,0.66677,-0.46267,26.818,-14.203,4.1809,38.33,3.9447
1.0201,1.0161,1.0208,1.0214,1.0149,1.0152,1.018,1.0171,1.0163,1.0192,3.1613,3.2331,3.1747,3.1543,3.1717,3.1845,3.1444,3.1329,3.1226,3.2386,3.2198,3.2183,3.2235,3.1897,3.1788,3.204,3.1914,3.1768,3.2991,3.2918,3.2368,3.3068,3.3028,3.2026,3.2622,3.2462,3.2,3.2879,3.3311,3.2878,3.3014,3.4127,3.3802,3.4123,3.3881,3.4341,3.3695,3.4426,3.1201,0.92788,0,2.2736,0,1.8372,0,0,0,0,0,0,0,0,0,0,0,0,0,0,0,0,0,0,0,0,0,0,0,0,0,0,0,0,0,-1.0329,-1.9754,0,0,0,0,0,0,0,0,0,0,0,0,0,1.0461,1.045,1.0221,0.99886,0.99427,0.99717,0.94151,0.95527,1.0114,1.0092,1.0039,0.99127,1.0058,1.002,0.99532,1.0076,1.016,1.017,1.0409,0.986,1.0147,1.0407,1.0353,1.0152,1.054,1.045,1.0257,1.0488,1.0505,1.0424,0.99047,0.99405,1.0373,0.97891,1.037,1.0261,1.0474,1.0435,1.026,-0.72005,0.61934,0.5879,-0.68524,-0.72193,0.28838,0.19894,0.30993,-0.12265,0.28832,0.079865,0.27674,-0.91994,0.17553,0.3626,0.262,1.0483,0.58582,-1.7361,-0.027683,-0.072837,0.41285,0.18982,0.08968,-0.69944,-0.7012,0.79129,0.59901,-0.098248,-0.70151,0.5186,-1.3255,-1.4197,0.6905,0.058208,0.53074,-0.49858,0.45897,-0.19248,0.43869,0.80161,0.45295,0.42757,0.35308,0.6797,-0.46752,26.818,-14.203,4.1809,38.33,3.9447
1.0254,1.0298,1.0308,1.0255,1.0323,1.029,1.0266,1.0274,1.0285,1.0281,3.5706,3.6423,3.5839,3.5637,3.5811,3.5939,3.5538,3.5423,3.532,3.6482,3.6293,3.6278,3.633,3.5991,3.588,3.6131,3.6005,3.586,3.7085,3.701,3.6458,3.7157,3.7117,3.6117,3.6713,3.6553,3.6091,3.6969,3.7401,3.6969,3.7106,3.823,3.7896,3.8218,3.797,3.8431,3.7784,3.8516,3.5295,0.92813,0,2.3033,0,1.8502,0,0,0,0,0,0,0,0,0,0,0,0,0,0,0,0,0,0,0,0,0,0,0,0,0,0,0,0,0,-1.0329,-1.9807,0,0,0,0,0,0,0,0,0,0,0,0,0,1.0461,1.045,1.0221,0.99886,0.99427,0.99717,0.94151,0.95527,1.0114,1.0092,1.0039,0.99127,1.0058,1.002,0.99532,1.0076,1.016,1.017,1.0409,0.986,1.0147,1.0407,1.0353,1.0152,1.054,1.045,1.0257,1.0488,1.0505,1.0424,0.99049,0.99396,1.0373,0.9789,1.037,1.0261,1.0474,1.0435,1.026,-0.71457,0.61338,0.58355,-0.67962,-0.72122,0.28095,0.20137,0.3073,-0.12712,0.28717,0.080259,0.27572,-0.93854,0.17505,0.36159,0.2602,1.0679,0.60241,-1.7704,-0.028007,-0.073455,0.42707,0.1984,0.096691,-0.69862,-0.71034,0.79891,0.60498,-0.10027,-0.69984,0.51145,-1.3203,-1.4295,0.69798,0.058628,0.53899,-0.50364,0.45872,-0.1935,0.44715,0.80155,0.45527,0.4294,0.35339,0.68168,-0.47512,26.818,-14.203,4.1809,38.33,3.9447
1.0341,1.0373,1.0355,1.032,1.0386,1.0363,1.0339,1.036,1.0341,1.0352,3.9832,4.0547,3.9964,3.9764,3.9938,4.0067,3.9666,3.955,3.9447,4.0611,4.0422,4.0406,4.0458,4.0118,4.0006,4.0256,4.0131,3.9985,4.1211,4.1139,4.0583,4.1282,4.1242,4.0242,4.0838,4.0678,4.0216,4.1094,4.1525,4.1092,4.1234,4.2364,4.202,4.2349,4.2095,4.2554,4.1908,4.264,3.9422,0.92826,0,2.3268,0,1.8598,0,0,0,0,0,0,0,0,0,0,0,0,0,0,0,0,0,0,0,0,0,0,0,0,0,0,0,0,0,-1.033,-1.9842,0,0,0,0,0,0,0,0,0,0,0,0,0,1.0461,1.045,1.0221,0.99886,0.99427,0.99717,0.94151,0.95527,1.0114,1.0092,1.0039,0.99127,1.0058,1.002,0.99532,1.0076,1.016,1.017,1.0409,0.986,1.0147,1.0407,1.0353,1.0152,1.054,1.045,1.0257,1.0488,1.0505,1.0424,0.9905,0.99386,1.0373,0.97887,1.037,1.0261,1.0475,1.0435,1.026,-0.71178,0.60984,0.57692,-0.67911,-0.71282,0.2729,0.20203,0.30157,-0.13022,0.2885,0.088184,0.27843,-0.94562,0.17695,0.364,0.26194,1.0761,0.61329,-1.7903,-0.028457,-0.073649,0.43718,0.20476,0.10241,-0.69588,-0.71295,0.8011,0.60772,-0.10018,-0.69787,0.52686,-1.3383,-1.4463,0.69939,0.062659,0.53562,-0.50566,0.46412,-0.19484,0.44771,0.80022,0.45672,0.43072,0.35429,0.68343,-0.47241,26.818,-14.203,4.1809,38.33,3.9447
1.044,1.038,1.0415,1.0457,1.0349,1.0375,1.0417,1.0399,1.0385,1.0412,4.3984,4.4699,4.4115,4.3915,4.4091,4.4219,4.3818,4.3702,4.3599,4.4763,4.4574,4.4558,4.461,4.427,4.4157,4.4407,4.4281,4.4136,4.5361,4.5291,4.4733,4.5432,4.5392,4.4392,4.4989,4.4828,4.4366,4.5242,4.5673,4.5244,4.5387,4.6518,4.617,4.6501,4.6245,4.6703,4.606,4.6786,4.3574,0.92833,0,2.3453,0,1.8669,0,0,0,0,0,0,0,0,0,0,0,0,0,0,0,0,0,0,0,0,0,0,0,0,0,0,0,0,0,-1.033,-1.9865,0,0,0,0,0,0,0,0,0,0,0,0,0,1.0461,1.045,1.0221,0.99886,0.99427,0.99717,0.94151,0.95527,1.0114,1.0092,1.0039,0.99127,1.0058,1.002,0.99532,1.0076,1.016,1.017,1.0409,0.986,1.0147,1.0407,1.0353,1.0152,1.054,1.045,1.0257,1.0488,1.0505,1.0424,0.99048,0.9938,1.0373,0.97884,1.037,1.0262,1.0474,1.0436,1.026,-0.71087,0.60775,0.58026,-0.67265,-0.71835,0.27095,0.20633,0.29737,-0.13049,0.28994,0.097438,0.28217,-0.9441,0.17787,0.36344,0.26061,1.0761,0.61737,-1.7993,-0.028974,-0.073776,0.4417,0.20872,0.10667,-0.69632,-0.71196,0.80416,0.60893,-0.10307,-0.69571,0.53007,-1.3554,-1.4445,0.7006,0.059108,0.53627,-0.50619,0.46798,-0.18988,0.44495,0.79769,0.4606,0.43479,0.35902,0.69028,-0.47216,26.818,-14.203,4.1809,38.33,3.9447
1.0413,1.0458,1.0474,1.0401,1.0495,1.0457,1.0425,1.0441,1.0461,1.0457,4.8156,4.8869,4.8286,4.8086,4.8261,4.8389,4.7988,4.7873,4.7771,4.8935,4.8745,4.873,4.8782,4.8441,4.8327,4.8576,4.845,4.8305,4.9531,4.9457,4.8902,4.9599,4.9559,4.8561,4.9159,4.8997,4.8535,4.941,4.9841,4.9417,4.9553,5.0694,5.0344,5.0667,5.041,5.0872,5.0228,5.0954,4.7747,0.92836,0,2.3598,0,1.8721,0,0,0,0,0,0,0,0,0,0,0,0,0,0,0,0,0,0,0,0,0,0,0,0,0,0,0,0,0,-1.033,-1.9881,0,0,0,0,0,0,0,0,0,0,0,0,0,1.0461,1.045,1.0221,0.99886,0.99427,0.99717,0.94151,0.95527,1.0114,1.0092,1.0039,0.99127,1.0058,1.002,0.99532,1.0076,1.016,1.017,1.0409,0.986,1.0147,1.0407,1.0353,1.0152,1.054,1.045,1.0257,1.0488,1.0505,1.0424,0.99052,0.99376,1.0372,0.97884,1.037,1.0261,1.0475,1.0436,1.026,-0.70647,0.60399,0.58247,-0.66654,-0.72903,0.27007,0.20985,0.30138,-0.13231,0.2854,0.083802,0.27493,-0.96338,0.17429,0.35914,0.25634,1.0946,0.62816,-1.8218,-0.028709,-0.074259,0.44967,0.21405,0.11017,-0.69924,-0.71955,0.81079,0.61407,-0.1077,-0.69484,0.50388,-1.3174,-1.4441,0.7092,0.05872,0.55054,-0.51124,0.46054,-0.18768,0.45537,0.7988,0.46322,0.43671,0.35872,0.69419,-0.48367,26.818,-14.203,4.1809,38.33,3.9447
1.0451,1.0503,1.0495,1.0437,1.0529,1.0498,1.0464,1.0482,1.0492,1.0487,5.2342,5.3054,5.247,5.2272,5.2447,5.2576,5.2175,5.2059,5.1958,5.3122,5.2932,5.2916,5.2969,5.2627,5.2512,5.2761,5.2635,5.249,5.3716,5.3643,5.3086,5.3784,5.3743,5.2746,5.3343,5.3181,5.2719,5.3594,5.4025,5.3599,5.374,5.4883,5.4526,5.4855,5.4595,5.5055,5.4412,5.5138,5.1934,0.92838,0,2.3715,0,1.876,0,0,0,0,0,0,0,0,0,0,0,0,0,0,0,0,0,0,0,0,0,0,0,0,0,0,0,0,0,-1.033,-1.9891,0,0,0,0,0,0,0,0,0,0,0,0,0,1.0461,1.045,1.0221,0.99886,0.99427,0.99717,0.94151,0.95527,1.0114,1.0092,1.0039,0.99127,1.0058,1.002,0.99532,1.0076,1.016,1.017,1.0409,0.986,1.0147,1.0407,1.0353,1.0152,1.054,1.045,1.0257,1.0488,1.0505,1.0424,0.99052,0.99372,1.0373,0.97884,1.037,1.0262,1.0475,1.0436,1.026,-0.70185,0.59879,0.57866,-0.6657,-0.72021,0.26448,0.21107,0.29576,-0.13356,0.28563,0.091518,0.27697,-0.96399,0.17486,0.35843,0.25515,1.0963,0.63425,-1.8316,-0.02913,-0.07425,0.45593,0.21881,0.11493,-0.69879,-0.71801,0.81223,0.61552,-0.10817,-0.69414,0.51921,-1.335,-1.4511,0.70962,0.06061,0.54738,-0.51223,0.46574,-0.18834,0.45457,0.79805,0.46328,0.43684,0.35907,0.69347,-0.48245,26.818,-14.203,4.1809,38.33,3.9447
1.0535,1.0515,1.0494,1.0544,1.0476,1.0503,1.0524,1.0515,1.049,1.0507,5.654,5.725,5.6668,5.6471,5.6647,5.6777,5.6375,5.6259,5.6157,5.7321,5.7132,5.7116,5.7168,5.6826,5.671,5.6958,5.6832,5.6687,5.7912,5.7847,5.7284,5.7982,5.7942,5.6944,5.7539,5.7378,5.6917,5.7792,5.8223,5.7793,5.7944,5.9083,5.8717,5.906,5.8795,5.925,5.861,5.9336,5.6133,0.92839,0,2.3805,0,1.8788,0,0,0,0,0,0,0,0,0,0,0,0,0,0,0,0,0,0,0,0,0,0,0,0,0,0,0,0,0,-1.033,-1.9898,0,0,0,0,0,0,0,0,0,0,0,0,0,1.0461,1.045,1.0221,0.99886,0.99427,0.99717,0.94151,0.95527,1.0114,1.0092,1.0039,0.99127,1.0058,1.002,0.99532,1.0076,1.016,1.017,1.0409,0.986,1.0147,1.0407,1.0353,1.0152,1.054,1.045,1.0257,1.0488,1.0505,1.0424,0.9905,0.99366,1.0373,0.97884,1.037,1.0262,1.0475,1.0436,1.026,-0.69845,0.59403,0.57223,-0.6678,-0.70192,0.25703,0.21092,0.28492,-0.13419,0.28916,0.11211,0.28498,-0.95231,0.17818,0.36045,0.25638,1.0867,0.63624,-1.8319,-0.02994,-0.073941,0.46,0.22238,0.11973,-0.69617,-0.7109,0.81017,0.61428,-0.10614,-0.6934,0.55776,-1.3855,-1.4608,0.70469,0.063141,0.53377,-0.51035,0.47805,-0.19008,0.4464,0.79591,0.46215,0.43628,0.36031,0.6908,-0.47307,26.818,-14.203,4.1809,38.33,3.9447
1.0565,1.0521,1.0517,1.0577,1.0481,1.0515,1.0548,1.0533,1.0508,1.0525,6.0746,6.1456,6.0874,6.0677,6.0854,6.0983,6.0581,6.0466,6.0363,6.1528,6.1339,6.1322,6.1375,6.1032,6.0916,6.1164,6.1038,6.0893,6.2118,6.2052,6.149,6.2188,6.2147,6.115,6.1746,6.1584,6.1123,6.1997,6.2428,6.2,6.215,6.3291,6.2924,6.3265,6.3001,6.3456,6.2816,6.3541,6.0339,0.9284,0,2.3878,0,1.8809,0,0,0,0,0,0,0,0,0,0,0,0,0,0,0,0,0,0,0,0,0,0,0,0,0,0,0,0,0,-1.033,-1.9903,0,0,0,0,0,0,0,0,0,0,0,0,0,1.0461,1.045,1.0221,0.99886,0.99427,0.99717,0.94151,0.95527,1.0114,1.0092,1.0039,0.99127,1.0058,1.002,0.99532,1.0076,1.016,1.017,1.0409,0.986,1.0147,1.0407,1.0353,1.0152,1.054,1.045,1.0257,1.0488,1.0505,1.0424,0.9905,0.99364,1.0373,0.97884,1.037,1.0262,1.0475,1.0436,1.026,-0.69895,0.59443,0.5731,-0.66554,-0.70641,0.2565,0.2122,0.28505,-0.13468,0.2892,0.1116,0.28483,-0.95566,0.17831,0.36089,0.25671,1.0901,0.63888,-1.8374,-0.029972,-0.074051,0.46217,0.22385,0.12087,-0.69607,-0.7123,0.8114,0.61511,-0.10736,-0.69232,0.55322,-1.3807,-1.46,0.70598,0.06246,0.53614,-0.51102,0.47677,-0.18842,0.44747,0.79519,0.46364,0.43766,0.36137,0.69335,-0.47401,26.818,-14.203,4.1809,38.33,3.9447
1.0544,1.0524,1.0561,1.0542,1.0541,1.0534,1.0539,1.0536,1.0545,1.0541,6.496,6.5672,6.5089,6.489,6.5066,6.5195,6.4794,6.4678,6.4576,6.5742,6.5552,6.5536,6.5588,6.5246,6.5129,6.5378,6.5252,6.5108,6.6334,6.6261,6.5703,6.64,6.636,6.5363,6.5961,6.5798,6.5336,6.6209,6.664,6.6219,6.6359,6.7507,6.7145,6.7472,6.7211,6.7672,6.7029,6.7752,6.4552,0.9284,0,2.3933,0,1.8824,0,0,0,0,0,0,0,0,0,0,0,0,0,0,0,0,0,0,0,0,0,0,0,0,0,0,0,0,0,-1.033,-1.9906,0,0,0,0,0,0,0,0,0,0,0,0,0,1.0461,1.045,1.0221,0.99886,0.99427,0.99717,0.94151,0.95527,1.0114,1.0092,1.0039,0.99127,1.0058,1.002,0.99532,1.0076,1.016,1.017,1.0409,0.986,1.0147,1.0407,1.0353,1.0152,1.054,1.045,1.0257,1.0488,1.0505,1.0424,0.99051,0.99365,1.0373,0.97884,1.037,1.0262,1.0475,1.0436,1.026,-0.70268,0.59918,0.58033,-0.6595,-0.73071,0.262,0.21472,0.29487,-0.13507,0.28606,0.092279,0.27735,-0.97255,0.17552,0.35981,0.25611,1.1053,0.64224,-1.848,-0.029311,-0.074535,0.46277,0.22354,0.11886,-0.69828,-0.72123,0.81563,0.61785,-0.11146,-0.69103,0.51064,-1.3268,-1.45,0.71288,0.05901,0.55272,-0.51404,0.46349,-0.18389,0.45687,0.79581,0.46735,0.44067,0.36217,0.70033,-0.48431,26.818,-14.203,4.1809,38.33,3.9447
1.0531,1.0541,1.0578,1.0522,1.058,1.0553,1.0536,1.0544,1.0566,1.0554,6.9179,6.9891,6.9307,6.9109,6.9284,6.9413,6.9012,6.8896,6.8795,6.9961,6.977,6.9754,6.9807,6.9464,6.9348,6.9596,6.9471,6.9326,7.0552,7.0477,6.9921,7.0618,7.0578,6.9581,7.0179,7.0016,6.9554,7.0427,7.0858,7.0439,7.0576,7.1727,7.1365,7.1688,7.1428,7.1891,7.1247,7.1969,6.8771,0.9284,0,2.3978,0,1.8835,0,0,0,0,0,0,0,0,0,0,0,0,0,0,0,0,0,0,0,0,0,0,0,0,0,0,0,0,0,-1.033,-1.9907,0,0,0,0,0,0,0,0,0,0,0,0,0,1.0461,1.045,1.0221,0.99886,0.99427,0.99717,0.94151,0.95527,1.0114,1.0092,1.0039,0.99127,1.0058,1.002,0.99532,1.0076,1.016,1.017,1.0409,0.986,1.0147,1.0407,1.0353,1.0152,1.054,1.045,1.0257,1.0488,1.0505,1.0424,0.99052,0.99364,1.0372,0.97884,1.037,1.0262,1.0475,1.0436,1.026,-0.70286,0.5996,0.5817,-0.65741,-0.73637,0.26252,0.21574,0.29702,-0.13573,0.28514,0.087602,0.2754,-0.97907,0.17473,0.3593,0.25564,1.1115,0.64504,-1.8549,-0.029163,-0.074716,0.4647,0.22461,0.1194,-0.69903,-0.72374,0.81751,0.61913,-0.11287,-0.69058,0.50009,-1.3131,-1.448,0.71542,0.058151,0.55771,-0.51534,0.46031,-0.18276,0.45995,0.79593,0.46837,0.44147,0.36233,0.70199,-0.48831,26.818,-14.203,4.1809,38.33,3.9447
1.0539,1.0577,1.0558,1.0536,1.0581,1.0568,1.0549,1.056,1.0563,1.0563,7.34,7.411,7.3528,7.3331,7.3508,7.3637,7.3235,7.312,7.3018,7.4184,7.3993,7.3977,7.403,7.3686,7.3569,7.3818,7.3692,7.3547,7.4772,7.4703,7.4143,7.484,7.4799,7.3803,7.44,7.4237,7.3776,7.4649,7.508,7.4655,7.4801,7.595,7.558,7.5916,7.5651,7.6109,7.5469,7.6192,7.2994,0.9284,0,2.4012,0,1.8843,0,0,0,0,0,0,0,0,0,0,0,0,0,0,0,0,0,0,0,0,0,0,0,0,0,0,0,0,0,-1.033,-1.9909,0,0,0,0,0,0,0,0,0,0,0,0,0,1.0461,1.045,1.0221,0.99886,0.99427,0.99717,0.94151,0.95527,1.0114,1.0092,1.0039,0.99127,1.0058,1.002,0.99532,1.0076,1.016,1.017,1.0409,0.986,1.0147,1.0407,1.0353,1.0152,1.054,1.045,1.0257,1.0488,1.0505,1.0424,0.99052,0.99362,1.0373,0.97885,1.037,1.0262,1.0475,1.0436,1.026,-0.69801,0.59376,0.57454,-0.66098,-0.71491,0.25562,0.21468,0.28766,-0.13671,0.28762,0.10498,0.28183,-0.96993,0.17702,0.35982,0.25557,1.1041,0.64699,-1.8563,-0.029797,-0.074444,0.4686,0.22775,0.12378,-0.69747,-0.71674,0.81588,0.61822,-0.11034,-0.69121,0.53708,-1.3594,-1.4578,0.71138,0.061068,0.54539,-0.51403,0.47212,-0.1864,0.45345,0.79514,0.4656,0.43924,0.36175,0.6962,-0.48251,26.818,-14.203,4.1809,38.33,3.9447
1.0558,1.0601,1.054,1.0562,1.0568,1.0576,1.0567,1.0574,1.0557,1.057,7.7625,7.8334,7.7752,7.7557,7.7734,7.7863,7.7462,7.7346,7.7244,7.8409,7.822,7.8203,7.8256,7.7912,7.7794,7.8042,7.7916,7.7771,7.8996,7.8932,7.8367,7.9065,7.9024,7.8027,7.8623,7.8462,7.8,7.8875,7.9306,7.8875,7.903,8.0176,7.9799,8.0147,7.9878,8.0332,7.9693,8.0419,7.722,0.9284,0,2.404,0,1.8849,0,0,0,0,0,0,0,0,0,0,0,0,0,0,0,0,0,0,0,0,0,0,0,0,0,0,0,0,0,-1.033,-1.9909,0,0,0,0,0,0,0,0,0,0,0,0,0,1.0461,1.045,1.0221,0.99886,0.99427,0.99717,0.94151,0.95527,1.0114,1.0092,1.0039,0.99127,1.0058,1.002,0.99532,1.0076,1.016,1.017,1.0409,0.986,1.0147,1.0407,1.0353,1.0152,1.054,1.045,1.0257,1.0488,1.0505,1.0424,0.99052,0.99359,1.0373,0.97885,1.037,1.0262,1.0475,1.0436,1.026,-0.69365,0.5885,0.56819,-0.66421,-0.69571,0.24945,0.21376,0.27903,-0.13733,0.2898,0.12071,0.28759,-0.96072,0.1791,0.3603,0.25552,1.0965,0.64829,-1.8561,-0.030384,-0.074163,0.4717,0.23045,0.12758,-0.696,-0.71025,0.81414,0.61725,-0.1081,-0.69168,0.57022,-1.4008,-1.4667,0.70749,0.063823,0.53395,-0.51269,0.48279,-0.18951,0.44738,0.79435,0.46323,0.43735,0.36136,0.69131,-0.47628,26.818,-14.203,4.1809,38.33,3.9447
1.0579,1.0593,1.055,1.0586,1.0559,1.0575,1.058,1.0579,1.056,1.0574,8.1853,8.2562,8.198,8.1784,8.1962,8.2091,8.1689,8.1574,8.1472,8.2637,8.2447,8.2431,8.2483,8.214,8.2022,8.227,8.2144,8.1999,8.3224,8.3159,8.2595,8.3293,8.3252,8.2255,8.2851,8.2689,8.2228,8.3102,8.3533,8.3104,8.3257,8.4404,8.4028,8.4373,8.4105,8.456,8.3921,8.4645,8.1448,0.9284,0,2.4062,0,1.8854,0,0,0,0,0,0,0,0,0,0,0,0,0,0,0,0,0,0,0,0,0,0,0,0,0,0,0,0,0,-1.033,-1.991,0,0,0,0,0,0,0,0,0,0,0,0,0,1.0461,1.045,1.0221,0.99886,0.99427,0.99717,0.94151,0.95527,1.0114,1.0092,1.0039,0.99127,1.0058,1.002,0.99532,1.0076,1.016,1.017,1.0409,0.986,1.0147,1.0407,1.0353,1.0152,1.054,1.045,1.0257,1.0488,1.0505,1.0424,0.99051,0.99358,1.0373,0.97884,1.037,1.0262,1.0475,1.0436,1.026,-0.69362,0.58856,0.56914,-0.66294,-0.69916,0.24968,0.21455,0.27964,-0.13711,0.28913,0.11838,0.28638,-0.96226,0.17866,0.35999,0.25526,1.0978,0.64909,-1.8569,-0.030351,-0.074182,0.47209,0.23095,0.12776,-0.69628,-0.7112,0.81467,0.61772,-0.10908,-0.69115,0.56386,-1.3927,-1.4659,0.70841,0.063689,0.53599,-0.51315,0.48114,-0.1884,0.44868,0.79418,0.46414,0.43814,0.36178,0.69312,-0.4761,26.818,-14.203,4.1809,38.33,3.9447
1.0603,1.0555,1.0587,1.0606,1.0553,1.0566,1.0588,1.0576,1.0573,1.0576,8.6084,8.6794,8.6211,8.6014,8.6191,8.6319,8.5918,8.5803,8.5701,8.6867,8.6677,8.666,8.6713,8.637,8.6252,8.65,8.6374,8.623,8.7456,8.7384,8.6825,8.7522,8.7482,8.6485,8.7083,8.692,8.6458,8.7331,8.7761,8.734,8.7484,8.8634,8.8266,8.8596,8.8333,8.8793,8.8151,8.8873,8.5678,0.9284,0,2.4078,0,1.8857,0,0,0,0,0,0,0,0,0,0,0,0,0,0,0,0,0,0,0,0,0,0,0,0,0,0,0,0,0,-1.033,-1.991,0,0,0,0,0,0,0,0,0,0,0,0,0,1.0461,1.045,1.0221,0.99886,0.99427,0.99717,0.94151,0.95527,1.0114,1.0092,1.0039,0.99127,1.0058,1.002,0.99532,1.0076,1.016,1.017,1.0409,0.986,1.0147,1.0407,1.0353,1.0152,1.054,1.045,1.0257,1.0488,1.0505,1.0424,0.99051,0.99359,1.0373,0.97883,1.037,1.0262,1.0475,1.0436,1.026,-0.69765,0.5936,0.57692,-0.65748,-0.72373,0.25587,0.21691,0.28888,-0.1361,0.28582,0.099217,0.27871,-0.97386,0.17591,0.35895,0.25482,1.1075,0.64942,-1.8588,-0.029738,-0.074483,0.46995,0.22939,0.12455,-0.69818,-0.71911,0.81731,0.61952,-0.11304,-0.68967,0.52071,-1.3383,-1.4561,0.71382,0.060842,0.5506,-0.51528,0.468,-0.18336,0.45683,0.79459,0.4681,0.44142,0.36295,0.70117,-0.48162,26.818,-14.203,4.1809,38.33,3.9447
1.0609,1.0537,1.061,1.0607,1.056,1.0564,1.059,1.0574,1.0584,1.0578,9.0316,9.1027,9.0443,9.0246,9.0421,9.055,9.0149,9.0034,8.9932,9.1098,9.0908,9.0892,9.0944,9.0601,9.0484,9.0732,9.0606,9.0462,9.1688,9.1612,9.1056,9.1753,9.1713,9.0717,9.1315,9.1151,9.069,9.1561,9.1992,9.1576,9.1713,9.2866,9.2502,9.2823,9.2563,9.3026,9.2383,9.3103,8.9909,0.9284,0,2.4091,0,1.8859,0,0,0,0,0,0,0,0,0,0,0,0,0,0,0,0,0,0,0,0,0,0,0,0,0,0,0,0,0,-1.033,-1.9911,0,0,0,0,0,0,0,0,0,0,0,0,0,1.0461,1.045,1.0221,0.99886,0.99427,0.99717,0.94151,0.95527,1.0114,1.0092,1.0039,0.99127,1.0058,1.002,0.99532,1.0076,1.016,1.017,1.0409,0.986,1.0147,1.0407,1.0353,1.0152,1.054,1.045,1.0257,1.0488,1.0505,1.0424,0.99051,0.9936,1.0372,0.97882,1.037,1.0262,1.0475,1.0436,1.026,-0.70045,0.597,0.5818,-0.65404,-0.73911,0.25979,0.21835,0.29478,-0.13571,0.28399,0.087637,0.27425,-0.98163,0.17432,0.35849,0.25468,1.1142,0.64982,-1.8611,-0.029349,-0.074703,0.46885,0.22842,0.12261,-0.69936,-0.72402,0.81909,0.62064,-0.11542,-0.68881,0.49434,-1.3057,-1.4497,0.71721,0.058792,0.55976,-0.51659,0.45997,-0.18028,0.46178,0.79484,0.47049,0.4434,0.36369,0.70596,-0.48589,26.818,-14.203,4.1809,38.33,3.9447
1.0588,1.056,1.0604,1.0584,1.0584,1.0577,1.0582,1.0578,1.0589,1.0581,9.4548,9.5258,9.4675,9.4478,9.4654,9.4782,9.4381,9.4266,9.4164,9.5331,9.514,9.5124,9.5177,9.4833,9.4716,9.4964,9.4838,9.4694,9.592,9.5846,9.5289,9.5985,9.5945,9.4949,9.5547,9.5384,9.4922,9.5794,9.6224,9.5806,9.5946,9.7099,9.6732,9.7057,9.6795,9.7257,9.6615,9.7336,9.4141,0.9284,0,2.4102,0,1.8861,0,0,0,0,0,0,0,0,0,0,0,0,0,0,0,0,0,0,0,0,0,0,0,0,0,0,0,0,0,-1.033,-1.9911,0,0,0,0,0,0,0,0,0,0,0,0,0,1.0461,1.045,1.0221,0.99886,0.99427,0.99717,0.94151,0.95527,1.0114,1.0092,1.0039,0.99127,1.0058,1.002,0.99532,1.0076,1.016,1.017,1.0409,0.986,1.0147,1.0407,1.0353,1.0152,1.054,1.045,1.0257,1.0488,1.0505,1.0424,0.99052,0.99359,1.0373,0.97883,1.037,1.0262,1.0475,1.0436,1.026,-0.69996,0.59618,0.58,-0.65504,-0.73348,0.25823,0.21787,0.29268,-0.13647,0.28529,0.093158,0.27678,-0.98018,0.17526,0.35909,0.25506,1.1133,0.6505,-1.8636,-0.029496,-0.074701,0.47017,0.22907,0.12375,-0.69891,-0.72207,0.81883,0.6203,-0.11444,-0.68917,0.50565,-1.3211,-1.4516,0.71607,0.058908,0.55643,-0.51612,0.46352,-0.18145,0.45958,0.79463,0.4695,0.44261,0.36351,0.70378,-0.48621,26.818,-14.203,4.1809,38.33,3.9447
1.0547,1.0615,1.0572,1.0542,1.062,1.06,1.0567,1.0586,1.059,1.0585,9.878,9.9489,9.8907,9.8711,9.8888,9.9017,9.8615,9.85,9.8398,9.9564,9.9374,9.9358,9.941,9.9067,9.8949,9.9197,9.9071,9.8926,10.015,10.008,9.9521,10.022,10.018,9.9182,9.9778,9.9616,9.9155,10.003,10.046,10.003,10.018,10.133,10.096,10.13,10.103,10.149,10.085,10.157,9.8374,0.9284,0,2.411,0,1.8862,0,0,0,0,0,0,0,0,0,0,0,0,0,0,0,0,0,0,0,0,0,0,0,0,0,0,0,0,0,-1.033,-1.9911,0,0,0,0,0,0,0,0,0,0,0,0,0,1.0461,1.045,1.0221,0.99886,0.99427,0.99717,0.94151,0.95527,1.0114,1.0092,1.0039,0.99127,1.0058,1.002,0.99532,1.0076,1.016,1.017,1.0409,0.986,1.0147,1.0407,1.0353,1.0152,1.054,1.045,1.0257,1.0488,1.0505,1.0424,0.99053,0.99358,1.0373,0.97884,1.037,1.0262,1.0475,1.0436,1.026,-0.69663,0.59175,0.57258,-0.65979,-0.71019,0.25203,0.2158,0.28383,-0.13818,0.28915,0.11297,0.28514,-0.9709,0.17831,0.36057,0.25585,1.1061,0.65141,-1.866,-0.030095,-0.074506,0.4735,0.23109,0.12747,-0.69709,-0.71437,0.81684,0.61872,-0.11065,-0.69054,0.54849,-1.3768,-1.4604,0.7111,0.060897,0.5426,-0.51417,0.47675,-0.1862,0.45142,0.79404,0.46569,0.4395,0.36256,0.69579,-0.48308,26.818,-14.203,4.1809,38.33,3.9447
1.053,1.0644,1.0553,1.0526,1.0633,1.0611,1.0563,1.0591,1.0589,1.0587,10.301,10.372,10.314,10.294,10.312,10.325,10.285,10.273,10.263,10.38,10.361,10.359,10.364,10.33,10.318,10.343,10.33,10.316,10.438,10.432,10.375,10.445,10.441,10.341,10.401,10.385,10.339,10.426,10.469,10.426,10.442,10.557,10.519,10.554,10.527,10.572,10.508,10.581,10.261,0.9284,0,2.4116,0,1.8863,0,0,0,0,0,0,0,0,0,0,0,0,0,0,0,0,0,0,0,0,0,0,0,0,0,0,0,0,0,-1.033,-1.9911,0,0,0,0,0,0,0,0,0,0,0,0,0,1.0461,1.045,1.0221,0.99886,0.99427,0.99717,0.94151,0.95527,1.0114,1.0092,1.0039,0.99127,1.0058,1.002,0.99532,1.0076,1.016,1.017,1.0409,0.986,1.0147,1.0407,1.0353,1.0152,1.054,1.045,1.0257,1.0488,1.0505,1.0424,0.99053,0.99357,1.0373,0.97884,1.037,1.0262,1.0475,1.0436,1.026,-0.69432,0.58881,0.56794,-0.66269,-0.69601,0.2481,0.2146,0.27836,-0.13906,0.29122,0.12447,0.28981,-0.96519,0.18003,0.36134,0.25623,1.1015,0.65205,-1.867,-0.03046,-0.074365,0.47552,0.23245,0.12978,-0.69598,-0.70981,0.8156,0.61785,-0.10848,-0.69129,0.57361,-1.4088,-1.4662,0.7082,0.062415,0.53436,-0.51307,0.48452,-0.18904,0.44678,0.7937,0.46347,0.43767,0.36194,0.69117,-0.48049,26.818,-14.203,4.1809,38.33,3.9447
1.0547,1.0634,1.0556,1.0547,1.0616,1.0605,1.0571,1.0591,1.0585,1.0588,10.725,10.796,10.737,10.718,10.736,10.749,10.708,10.697,10.687,10.803,10.784,10.783,10.788,10.753,10.742,10.766,10.754,10.739,10.862,10.855,10.799,10.869,10.865,10.765,10.824,10.808,10.762,10.85,10.893,10.85,10.865,10.98,10.942,10.977,10.95,10.995,10.931,11.004,10.684,0.9284,0,2.4121,0,1.8864,0,0,0,0,0,0,0,0,0,0,0,0,0,0,0,0,0,0,0,0,0,0,0,0,0,0,0,0,0,-1.033,-1.9911,0,0,0,0,0,0,0,0,0,0,0,0,0,1.0461,1.045,1.0221,0.99886,0.99427,0.99717,0.94151,0.95527,1.0114,1.0092,1.0039,0.99127,1.0058,1.002,0.99532,1.0076,1.016,1.017,1.0409,0.986,1.0147,1.0407,1.0353,1.0152,1.054,1.045,1.0257,1.0488,1.0505,1.0424,0.99053,0.99357,1.0373,0.97884,1.037,1.0262,1.0475,1.0436,1.026,-0.69385,0.58846,0.56791,-0.66252,-0.69678,0.24795,0.2148,0.27846,-0.13876,0.29056,0.12275,0.28875,-0.96551,0.17967,0.36105,0.25602,1.1016,0.65232,-1.8662,-0.03044,-0.07433,0.47553,0.2327,0.12979,-0.69605,-0.71034,0.81564,0.6181,-0.10889,-0.69105,0.57027,-1.4032,-1.4666,0.70861,0.06295,0.53517,-0.51336,0.48354,-0.18879,0.44772,0.79374,0.4638,0.43791,0.3619,0.69192,-0.47934,26.818,-14.203,4.1809,38.33,3.9447
1.0599,1.0585,1.0581,1.0604,1.0569,1.0582,1.0593,1.0586,1.058,1.0588,11.148,11.219,11.161,11.141,11.159,11.172,11.132,11.12,11.11,11.227,11.208,11.206,11.211,11.177,11.165,11.19,11.177,11.163,11.285,11.278,11.222,11.292,11.288,11.188,11.248,11.232,11.186,11.273,11.316,11.274,11.288,11.403,11.366,11.4,11.373,11.419,11.355,11.427,11.108,0.9284,0,2.4125,0,1.8864,0,0,0,0,0,0,0,0,0,0,0,0,0,0,0,0,0,0,0,0,0,0,0,0,0,0,0,0,0,-1.033,-1.9911,0,0,0,0,0,0,0,0,0,0,0,0,0,1.0461,1.045,1.0221,0.99886,0.99427,0.99717,0.94151,0.95527,1.0114,1.0092,1.0039,0.99127,1.0058,1.002,0.99532,1.0076,1.016,1.017,1.0409,0.986,1.0147,1.0407,1.0353,1.0152,1.054,1.045,1.0257,1.0488,1.0505,1.0424,0.99051,0.99357,1.0373,0.97883,1.037,1.0262,1.0475,1.0436,1.026,-0.69522,0.5907,0.57249,-0.65928,-0.71249,0.25157,0.21642,0.28415,-0.13725,0.28718,0.10782,0.28195,-0.97187,0.17724,0.3597,0.25523,1.1064,0.65221,-1.8635,-0.030038,-0.074403,0.47351,0.23185,0.12751,-0.69729,-0.71594,0.81696,0.61947,-0.11187,-0.68983,0.53847,-1.3601,-1.4618,0.71236,0.062503,0.54506,-0.51501,0.47381,-0.18544,0.45422,0.79417,0.46668,0.44022,0.36243,0.69804,-0.47961,26.818,-14.203,4.1809,38.33,3.9447
1.0649,1.0534,1.061,1.0657,1.0525,1.0558,1.0614,1.0581,1.0576,1.0587,11.572,11.643,11.584,11.565,11.582,11.595,11.555,11.544,11.534,11.65,11.631,11.629,11.635,11.6,11.589,11.613,11.601,11.586,11.709,11.701,11.646,11.715,11.711,11.612,11.672,11.655,11.609,11.696,11.739,11.698,11.712,11.827,11.79,11.823,11.796,11.843,11.778,11.85,11.531,0.9284,0,2.4128,0,1.8864,0,0,0,0,0,0,0,0,0,0,0,0,0,0,0,0,0,0,0,0,0,0,0,0,0,0,0,0,0,-1.033,-1.9911,0,0,0,0,0,0,0,0,0,0,0,0,0,1.0461,1.045,1.0221,0.99886,0.99427,0.99717,0.94151,0.95527,1.0114,1.0092,1.0039,0.99127,1.0058,1.002,0.99532,1.0076,1.016,1.017,1.0409,0.986,1.0147,1.0407,1.0353,1.0152,1.054,1.045,1.0257,1.0488,1.0505,1.0424,0.9905,0.99358,1.0373,0.97881,1.037,1.0262,1.0475,1.0436,1.026,-0.69715,0.59356,0.57802,-0.65543,-0.73078,0.25596,0.21826,0.29081,-0.13568,0.28359,0.09128,0.2746,-0.97925,0.17458,0.35826,0.25438,1.1121,0.65198,-1.8611,-0.029575,-0.074514,0.47118,0.23073,0.12486,-0.69875,-0.72222,0.81855,0.62095,-0.1152,-0.68852,0.50283,-1.3126,-1.4556,0.71656,0.061555,0.55632,-0.5168,0.46291,-0.18156,0.46134,0.79462,0.46992,0.44284,0.36314,0.70489,-0.48077,26.818,-14.203,4.1809,38.33,3.9447
1.0654,1.0524,1.0618,1.0661,1.0525,1.0557,1.0616,1.0581,1.0579,1.0587,11.995,12.066,12.008,11.988,12.006,12.019,11.979,11.967,11.957,12.074,12.055,12.053,12.058,12.024,12.012,12.037,12.024,12.01,12.132,12.125,12.069,12.139,12.135,12.035,12.095,12.079,12.033,12.12,12.163,12.121,12.135,12.25,12.214,12.246,12.22,12.266,12.202,12.274,11.955,0.9284,0,2.413,0,1.8865,0,0,0,0,0,0,0,0,0,0,0,0,0,0,0,0,0,0,0,0,0,0,0,0,0,0,0,0,0,-1.033,-1.9911,0,0,0,0,0,0,0,0,0,0,0,0,0,1.0461,1.045,1.0221,0.99886,0.99427,0.99717,0.94151,0.95527,1.0114,1.0092,1.0039,0.99127,1.0058,1.002,0.99532,1.0076,1.016,1.017,1.0409,0.986,1.0147,1.0407,1.0353,1.0152,1.054,1.045,1.0257,1.0488,1.0505,1.0424,0.9905,0.99358,1.0373,0.97881,1.037,1.0262,1.0475,1.0436,1.026,-0.69809,0.59471,0.58012,-0.65392,-0.73682,0.25755,0.21894,0.29295,-0.13539,0.28284,0.087016,0.2729,-0.98168,0.17392,0.3579,0.25415,1.1141,0.6519,-1.8614,-0.02944,-0.074585,0.47058,0.23034,0.12412,-0.69929,-0.7239,0.8192,0.62133,-0.1162,-0.68818,0.49276,-1.3004,-1.4529,0.71779,0.060678,0.55972,-0.51724,0.45994,-0.18021,0.46311,0.79468,0.4709,0.44368,0.36354,0.70691,-0.48221,26.818,-14.203,4.1809,38.33,3.9447
1.0616,1.0558,1.0607,1.0616,1.0568,1.0576,1.0599,1.0586,1.0588,1.0587,12.419,12.49,12.432,12.412,12.429,12.442,12.402,12.391,12.381,12.497,12.478,12.476,12.482,12.447,12.436,12.46,12.448,12.433,12.556,12.549,12.493,12.563,12.559,12.459,12.519,12.502,12.456,12.543,12.586,12.545,12.559,12.674,12.637,12.67,12.644,12.69,12.625,12.698,12.378,0.9284,0,2.4132,0,1.8865,0,0,0,0,0,0,0,0,0,0,0,0,0,0,0,0,0,0,0,0,0,0,0,0,0,0,0,0,0,-1.033,-1.9911,0,0,0,0,0,0,0,0,0,0,0,0,0,1.0461,1.045,1.0221,0.99886,0.99427,0.99717,0.94151,0.95527,1.0114,1.0092,1.0039,0.99127,1.0058,1.002,0.99532,1.0076,1.016,1.017,1.0409,0.986,1.0147,1.0407,1.0353,1.0152,1.054,1.045,1.0257,1.0488,1.0505,1.0424,0.99051,0.99358,1.0373,0.97882,1.037,1.0262,1.0475,1.0436,1.026,-0.69804,0.59414,0.57878,-0.65476,-0.73061,0.25632,0.21844,0.29055,-0.13637,0.28493,0.095056,0.27687,-0.97915,0.17524,0.35861,0.25452,1.1125,0.65199,-1.8643,-0.029634,-0.074614,0.47172,0.23067,0.12529,-0.69891,-0.72098,0.81891,0.62061,-0.11488,-0.68882,0.50831,-1.3237,-1.4537,0.71603,0.059875,0.55527,-0.51634,0.46491,-0.18141,0.45953,0.79434,0.46963,0.44274,0.36364,0.7041,-0.4839,26.818,-14.203,4.1809,38.33,3.9447
1.0542,1.0624,1.0581,1.0531,1.0644,1.0613,1.0567,1.0596,1.0603,1.0589,12.842,12.913,12.855,12.835,12.853,12.866,12.826,12.814,12.804,12.921,12.902,12.9,12.905,12.871,12.859,12.884,12.871,12.857,12.979,12.973,12.916,12.986,12.982,12.882,12.942,12.926,12.88,12.967,13.01,12.968,12.982,13.098,13.06,13.094,13.067,13.113,13.049,13.121,12.802,0.9284,0,2.4134,0,1.8865,0,0,0,0,0,0,0,0,0,0,0,0,0,0,0,0,0,0,0,0,0,0,0,0,0,0,0,0,0,-1.033,-1.9911,0,0,0,0,0,0,0,0,0,0,0,0,0,1.0461,1.045,1.0221,0.99886,0.99427,0.99717,0.94151,0.95527,1.0114,1.0092,1.0039,0.99127,1.0058,1.002,0.99532,1.0076,1.016,1.017,1.0409,0.986,1.0147,1.0407,1.0353,1.0152,1.054,1.045,1.0257,1.0488,1.0505,1.0424,0.99053,0.99357,1.0373,0.97883,1.037,1.0262,1.0475,1.0436,1.026,-0.69714,0.59213,0.57458,-0.65755,-0.71436,0.25276,0.21698,0.28444,-0.13837,0.28928,0.11299,0.28538,-0.97257,0.17817,0.36019,0.25539,1.1079,0.65221,-1.8693,-0.030094,-0.074605,0.47425,0.23161,0.12802,-0.69777,-0.71434,0.81784,0.61901,-0.11168,-0.69023,0.54458,-1.3755,-1.4574,0.71186,0.059211,0.54443,-0.51436,0.47628,-0.18469,0.45166,0.79368,0.46652,0.44034,0.36345,0.69736,-0.48567,26.818,-14.203,4.1809,38.33,3.9447
1.0497,1.0667,1.0563,1.0479,1.069,1.0635,1.0548,1.0601,1.0611,1.059,13.266,13.337,13.279,13.259,13.277,13.29,13.249,13.238,13.228,13.344,13.325,13.324,13.329,13.295,13.283,13.308,13.295,13.28,13.403,13.397,13.34,13.41,13.406,13.306,13.366,13.349,13.303,13.391,13.434,13.391,13.406,13.521,13.483,13.518,13.491,13.536,13.473,13.545,13.225,0.9284,0,2.4135,0,1.8865,0,0,0,0,0,0,0,0,0,0,0,0,0,0,0,0,0,0,0,0,0,0,0,0,0,0,0,0,0,-1.033,-1.9911,0,0,0,0,0,0,0,0,0,0,0,0,0,1.0461,1.045,1.0221,0.99886,0.99427,0.99717,0.94151,0.95527,1.0114,1.0092,1.0039,0.99127,1.0058,1.002,0.99532,1.0076,1.016,1.017,1.0409,0.986,1.0147,1.0407,1.0353,1.0152,1.054,1.045,1.0257,1.0488,1.0505,1.0424,0.99055,0.99356,1.0373,0.97884,1.037,1.0262,1.0475,1.0436,1.026,-0.69633,0.5906,0.57139,-0.65972,-0.70279,0.25012,0.21589,0.28016,-0.13968,0.29211,0.12494,0.29096,-0.96801,0.18013,0.36129,0.25601,1.1046,0.65243,-1.8723,-0.030407,-0.074579,0.476,0.23231,0.12989,-0.69691,-0.7099,0.81701,0.61795,-0.10945,-0.69117,0.56921,-1.41,-1.4605,0.70902,0.059124,0.53693,-0.51306,0.48395,-0.18708,0.44644,0.79328,0.46436,0.43864,0.3632,0.69272,-0.48627,26.818,-14.203,4.1809,38.33,3.9447
1.049,1.0676,1.0557,1.0474,1.0694,1.0638,1.0546,1.0601,1.061,1.0591,13.689,13.76,13.702,13.683,13.7,13.713,13.673,13.661,13.651,13.768,13.749,13.747,13.753,13.718,13.706,13.731,13.719,13.704,13.826,13.82,13.764,13.833,13.829,13.73,13.789,13.773,13.727,13.814,13.857,13.815,13.83,13.945,13.907,13.942,13.915,13.96,13.896,13.969,13.649,0.9284,0,2.4136,0,1.8865,0,0,0,0,0,0,0,0,0,0,0,0,0,0,0,0,0,0,0,0,0,0,0,0,0,0,0,0,0,-1.033,-1.9911,0,0,0,0,0,0,0,0,0,0,0,0,0,1.0461,1.045,1.0221,0.99886,0.99427,0.99717,0.94151,0.95527,1.0114,1.0092,1.0039,0.99127,1.0058,1.002,0.99532,1.0076,1.016,1.017,1.0409,0.986,1.0147,1.0407,1.0353,1.0152,1.054,1.045,1.0257,1.0488,1.0505,1.0424,0.99055,0.99356,1.0373,0.97885,1.037,1.0262,1.0475,1.0436,1.026,-0.69578,0.5899,0.5699,-0.66078,-0.69859,0.24899,0.21542,0.2787,-0.13997,0.29272,0.12802,0.29224,-0.96657,0.18066,0.36164,0.25627,1.1035,0.65262,-1.8726,-0.0305,-0.074541,0.47656,0.23263,0.13045,-0.69652,-0.70873,0.81659,0.6177,-0.10874,-0.69141,0.57631,-1.4187,-1.4624,0.70818,0.059694,0.53456,-0.51276,0.48608,-0.18803,0.44516,0.79323,0.46366,0.43805,0.36292,0.69127,-0.48548,26.818,-14.203,4.1809,38.33,3.9447
1.0523,1.065,1.0564,1.0515,1.0655,1.0621,1.0561,1.0596,1.0601,1.0591,14.113,14.184,14.126,14.106,14.124,14.137,14.097,14.085,14.075,14.192,14.172,14.171,14.176,14.142,14.13,14.155,14.142,14.128,14.25,14.244,14.187,14.257,14.253,14.153,14.213,14.197,14.15,14.238,14.281,14.238,14.253,14.368,14.33,14.365,14.338,14.384,14.32,14.392,14.072,0.9284,0,2.4136,0,1.8865,0,0,0,0,0,0,0,0,0,0,0,0,0,0,0,0,0,0,0,0,0,0,0,0,0,0,0,0,0,-1.033,-1.9911,0,0,0,0,0,0,0,0,0,0,0,0,0,1.0461,1.045,1.0221,0.99886,0.99427,0.99717,0.94151,0.95527,1.0114,1.0092,1.0039,0.99127,1.0058,1.002,0.99532,1.0076,1.016,1.017,1.0409,0.986,1.0147,1.0407,1.0353,1.0152,1.054,1.045,1.0257,1.0488,1.0505,1.0424,0.99054,0.99356,1.0373,0.97884,1.037,1.0262,1.0475,1.0436,1.026,-0.6955,0.59003,0.57012,-0.66074,-0.70175,0.24936,0.21556,0.28007,-0.13926,0.2911,0.12222,0.28922,-0.96826,0.17974,0.36125,0.25615,1.1045,0.65279,-1.8702,-0.030371,-0.074491,0.47592,0.23257,0.12972,-0.6966,-0.71083,0.81659,0.61825,-0.10953,-0.69094,0.56587,-1.4017,-1.4631,0.70934,0.060921,0.5373,-0.51345,0.48266,-0.18753,0.44781,0.79353,0.46443,0.43855,0.36261,0.69301,-0.4833,26.818,-14.203,4.1809,38.33,3.9447
1.0596,1.0589,1.0584,1.0603,1.0574,1.0584,1.0594,1.0586,1.0583,1.059,14.537,14.607,14.549,14.53,14.547,14.56,14.52,14.509,14.498,14.615,14.596,14.594,14.6,14.565,14.553,14.578,14.566,14.551,14.674,14.667,14.611,14.68,14.676,14.577,14.636,14.62,14.574,14.661,14.704,14.662,14.677,14.792,14.754,14.788,14.762,14.807,14.743,14.816,14.496,0.9284,0,2.4137,0,1.8865,0,0,0,0,0,0,0,0,0,0,0,0,0,0,0,0,0,0,0,0,0,0,0,0,0,0,0,0,0,-1.033,-1.9911,0,0,0,0,0,0,0,0,0,0,0,0,0,1.0461,1.045,1.0221,0.99886,0.99427,0.99717,0.94151,0.95527,1.0114,1.0092,1.0039,0.99127,1.0058,1.002,0.99532,1.0076,1.016,1.017,1.0409,0.986,1.0147,1.0407,1.0353,1.0152,1.054,1.045,1.0257,1.0488,1.0505,1.0424,0.99051,0.99357,1.0373,0.97882,1.037,1.0262,1.0475,1.0436,1.026,-0.69547,0.59098,0.57204,-0.6596,-0.71227,0.25124,0.21631,0.28426,-0.13754,0.28727,0.10755,0.28191,-0.97307,0.17739,0.36013,0.25566,1.1076,0.65293,-1.8651,-0.030021,-0.074428,0.4741,0.23212,0.12769,-0.69714,-0.7162,0.81701,0.6196,-0.11183,-0.68977,0.5379,-1.359,-1.4626,0.71251,0.062804,0.54517,-0.51514,0.47369,-0.1856,0.45439,0.79419,0.46665,0.44016,0.36227,0.69795,-0.47972,26.818,-14.203,4.1809,38.33,3.9447
1.0668,1.0528,1.0605,1.0689,1.0495,1.0548,1.0626,1.0577,1.0567,1.0589,14.96,15.031,14.973,14.953,14.971,14.984,14.944,14.932,14.922,15.039,15.019,15.018,15.023,14.989,14.977,15.002,14.989,14.975,15.097,15.09,15.034,15.104,15.1,15,15.06,15.044,14.998,15.085,15.128,15.086,15.1,15.215,15.179,15.211,15.185,15.231,15.167,15.239,14.92,0.9284,0,2.4137,0,1.8865,0,0,0,0,0,0,0,0,0,0,0,0,0,0,0,0,0,0,0,0,0,0,0,0,0,0,0,0,0,-1.033,-1.9911,0,0,0,0,0,0,0,0,0,0,0,0,0,1.0461,1.045,1.0221,0.99886,0.99427,0.99717,0.94151,0.95527,1.0114,1.0092,1.0039,0.99127,1.0058,1.002,0.99532,1.0076,1.016,1.017,1.0409,0.986,1.0147,1.0407,1.0353,1.0152,1.054,1.045,1.0257,1.0488,1.0505,1.0424,0.99049,0.99357,1.0373,0.97881,1.037,1.0262,1.0475,1.0436,1.026,-0.69564,0.59214,0.57446,-0.65807,-0.72397,0.25347,0.21723,0.28882,-0.13577,0.28337,0.092356,0.27444,-0.97821,0.17493,0.35891,0.25507,1.1109,0.653,-1.8601,-0.029651,-0.074381,0.47215,0.23158,0.12555,-0.69782,-0.72177,0.81758,0.621,-0.11431,-0.68855,0.5084,-1.3148,-1.4613,0.71587,0.064366,0.55361,-0.51688,0.46431,-0.18338,0.46118,0.79483,0.46905,0.44193,0.36206,0.70324,-0.47661,26.818,-14.203,4.1809,38.33,3.9447
1.0697,1.0502,1.0615,1.0723,1.0465,1.0534,1.0638,1.0573,1.0561,1.0589,15.384,15.455,15.396,15.377,15.394,15.407,15.367,15.356,15.346,15.462,15.443,15.441,15.447,15.412,15.401,15.425,15.413,15.398,15.521,15.513,15.458,15.527,15.523,15.424,15.484,15.467,15.421,15.508,15.551,15.509,15.524,15.639,15.602,15.634,15.608,15.655,15.59,15.662,15.343,0.9284,0,2.4137,0,1.8865,0,0,0,0,0,0,0,0,0,0,0,0,0,0,0,0,0,0,0,0,0,0,0,0,0,0,0,0,0,-1.033,-1.9911,0,0,0,0,0,0,0,0,0,0,0,0,0,1.0461,1.045,1.0221,0.99886,0.99427,0.99717,0.94151,0.95527,1.0114,1.0092,1.0039,0.99127,1.0058,1.002,0.99532,1.0076,1.016,1.017,1.0409,0.986,1.0147,1.0407,1.0353,1.0152,1.054,1.045,1.0257,1.0488,1.0505,1.0424,0.99048,0.99358,1.0373,0.9788,1.037,1.0262,1.0475,1.0436,1.026,-0.69594,0.59287,0.57612,-0.6569,-0.73034,0.25484,0.21785,0.29116,-0.13498,0.28166,0.085416,0.27113,-0.98075,0.17378,0.35825,0.2547,1.1127,0.65294,-1.8581,-0.029476,-0.074384,0.47119,0.23126,0.12453,-0.69829,-0.72433,0.81802,0.62163,-0.1156,-0.68798,0.49414,-1.2947,-1.4598,0.71751,0.064585,0.55786,-0.51766,0.4599,-0.18206,0.46428,0.79507,0.47029,0.44289,0.36216,0.70593,-0.47591,26.818,-14.203,4.1809,38.33,3.9447
1.0684,1.0511,1.0615,1.0704,1.0484,1.0542,1.0632,1.0577,1.0567,1.0589,15.807,15.878,15.82,15.8,15.818,15.831,15.791,15.779,15.769,15.886,15.867,15.865,15.87,15.836,15.824,15.849,15.836,15.822,15.945,15.937,15.881,15.951,15.947,15.847,15.907,15.891,15.845,15.932,15.975,15.933,15.947,16.062,16.026,16.058,16.032,16.078,16.014,16.086,15.767,0.9284,0,2.4138,0,1.8865,0,0,0,0,0,0,0,0,0,0,0,0,0,0,0,0,0,0,0,0,0,0,0,0,0,0,0,0,0,-1.033,-1.9911,0,0,0,0,0,0,0,0,0,0,0,0,0,1.0461,1.045,1.0221,0.99886,0.99427,0.99717,0.94151,0.95527,1.0114,1.0092,1.0039,0.99127,1.0058,1.002,0.99532,1.0076,1.016,1.017,1.0409,0.986,1.0147,1.0407,1.0353,1.0152,1.054,1.045,1.0257,1.0488,1.0505,1.0424,0.99049,0.99358,1.0373,0.9788,1.037,1.0262,1.0475,1.0436,1.026,-0.69638,0.59316,0.57703,-0.65607,-0.7314,0.25534,0.21815,0.29127,-0.13517,0.28214,0.086726,0.27198,-0.98067,0.17393,0.35817,0.25452,1.1129,0.65275,-1.8593,-0.029493,-0.074434,0.47123,0.23115,0.12463,-0.69854,-0.72387,0.81834,0.6215,-0.11568,-0.68806,0.49512,-1.2985,-1.4581,0.71744,0.063459,0.55793,-0.51748,0.46045,-0.18165,0.46369,0.7949,0.47036,0.44304,0.36257,0.70601,-0.47763,26.818,-14.203,4.1809,38.33,3.9447
1.0629,1.0554,1.0605,1.0633,1.0552,1.0571,1.0606,1.0587,1.0583,1.0589,16.231,16.302,16.244,16.224,16.242,16.254,16.214,16.203,16.193,16.309,16.29,16.289,16.294,16.26,16.248,16.273,16.26,16.246,16.368,16.361,16.305,16.375,16.371,16.271,16.331,16.314,16.268,16.356,16.399,16.357,16.371,16.486,16.449,16.482,16.456,16.502,16.438,16.51,16.19,0.9284,0,2.4138,0,1.8865,0,0,0,0,0,0,0,0,0,0,0,0,0,0,0,0,0,0,0,0,0,0,0,0,0,0,0,0,0,-1.033,-1.9911,0,0,0,0,0,0,0,0,0,0,0,0,0,1.0461,1.045,1.0221,0.99886,0.99427,0.99717,0.94151,0.95527,1.0114,1.0092,1.0039,0.99127,1.0058,1.002,0.99532,1.0076,1.016,1.017,1.0409,0.986,1.0147,1.0407,1.0353,1.0152,1.054,1.045,1.0257,1.0488,1.0505,1.0424,0.99051,0.99357,1.0373,0.97881,1.037,1.0262,1.0475,1.0436,1.026,-0.69694,0.59302,0.57718,-0.6556,-0.72713,0.25499,0.21815,0.28917,-0.13633,0.28482,0.096287,0.27699,-0.97799,0.17538,0.35865,0.25456,1.1114,0.65243,-1.8635,-0.029704,-0.074533,0.47225,0.23125,0.12587,-0.69856,-0.7204,0.81853,0.62061,-0.11457,-0.68879,0.51134,-1.3263,-1.4561,0.71565,0.060989,0.5538,-0.51634,0.46597,-0.18215,0.4594,0.79432,0.46926,0.44238,0.36329,0.70349,-0.48176,26.818,-14.203,4.1809,38.33,3.9447
1.0543,1.0624,1.0586,1.0522,1.0655,1.0617,1.0566,1.0601,1.0606,1.059,16.655,16.726,16.667,16.648,16.665,16.678,16.638,16.626,16.616,16.733,16.714,16.712,16.718,16.683,16.671,16.696,16.684,16.669,16.792,16.785,16.729,16.798,16.794,16.695,16.754,16.738,16.692,16.779,16.822,16.78,16.795,16.91,16.872,16.906,16.879,16.925,16.861,16.933,16.614,0.9284,0,2.4138,0,1.8865,0,0,0,0,0,0,0,0,0,0,0,0,0,0,0,0,0,0,0,0,0,0,0,0,0,0,0,0,0,-1.033,-1.9911,0,0,0,0,0,0,0,0,0,0,0,0,0,1.0461,1.045,1.0221,0.99886,0.99427,0.99717,0.94151,0.95527,1.0114,1.0092,1.0039,0.99127,1.0058,1.002,0.99532,1.0076,1.016,1.017,1.0409,0.986,1.0147,1.0407,1.0353,1.0152,1.054,1.045,1.0257,1.0488,1.0505,1.0424,0.99054,0.99357,1.0373,0.97883,1.037,1.0262,1.0475,1.0436,1.026,-0.69756,0.59251,0.57664,-0.6555,-0.71861,0.2539,0.21787,0.28533,-0.13823,0.28914,0.11212,0.28516,-0.97329,0.17783,0.35958,0.25477,1.1086,0.65204,-1.8701,-0.030064,-0.074664,0.47405,0.23154,0.12796,-0.6984,-0.71462,0.81859,0.61914,-0.11252,-0.69002,0.53935,-1.3723,-1.4541,0.71254,0.0576,0.5464,-0.51447,0.47529,-0.1834,0.4523,0.79345,0.46724,0.44107,0.3642,0.69892,-0.4876,26.818,-14.203,4.1809,38.33,3.9447
1.0489,1.0667,1.0573,1.0456,1.0717,1.0645,1.0542,1.0609,1.0621,1.059,17.078,17.149,17.091,17.071,17.089,17.102,17.062,17.05,17.04,17.157,17.138,17.136,17.141,17.107,17.095,17.12,17.107,17.093,17.215,17.209,17.152,17.222,17.218,17.118,17.178,17.162,17.116,17.203,17.246,17.204,17.218,17.334,17.296,17.33,17.303,17.349,17.285,17.357,17.038,0.9284,0,2.4138,0,1.8865,0,0,0,0,0,0,0,0,0,0,0,0,0,0,0,0,0,0,0,0,0,0,0,0,0,0,0,0,0,-1.033,-1.9911,0,0,0,0,0,0,0,0,0,0,0,0,0,1.0461,1.045,1.0221,0.99886,0.99427,0.99717,0.94151,0.95527,1.0114,1.0092,1.0039,0.99127,1.0058,1.002,0.99532,1.0076,1.016,1.017,1.0409,0.986,1.0147,1.0407,1.0353,1.0152,1.054,1.045,1.0257,1.0488,1.0505,1.0424,0.99055,0.99356,1.0373,0.97884,1.037,1.0262,1.0475,1.0436,1.026,-0.69779,0.59204,0.57581,-0.65588,-0.71223,0.2529,0.21752,0.28265,-0.13945,0.29188,0.12233,0.29034,-0.97014,0.17944,0.36029,0.25502,1.1067,0.65188,-1.874,-0.030301,-0.07473,0.47528,0.23179,0.12935,-0.69816,-0.7109,0.81847,0.6182,-0.11106,-0.69083,0.55832,-1.402,-1.4536,0.71043,0.055856,0.5413,-0.51329,0.48138,-0.18447,0.4477,0.79295,0.46582,0.44009,0.36461,0.69571,-0.49085,26.818,-14.203,4.1809,38.33,3.9447
1.0479,1.0677,1.0569,1.0447,1.0725,1.0649,1.0538,1.0609,1.0622,1.059,17.502,17.573,17.514,17.495,17.513,17.525,17.485,17.474,17.463,17.58,17.561,17.56,17.565,17.53,17.519,17.543,17.531,17.516,17.639,17.632,17.576,17.646,17.642,17.542,17.602,17.585,17.539,17.627,17.67,17.627,17.642,17.757,17.719,17.754,17.727,17.772,17.709,17.781,17.461,0.9284,0,2.4138,0,1.8865,0,0,0,0,0,0,0,0,0,0,0,0,0,0,0,0,0,0,0,0,0,0,0,0,0,0,0,0,0,-1.033,-1.9911,0,0,0,0,0,0,0,0,0,0,0,0,0,1.0461,1.045,1.0221,0.99886,0.99427,0.99717,0.94151,0.95527,1.0114,1.0092,1.0039,0.99127,1.0058,1.002,0.99532,1.0076,1.016,1.017,1.0409,0.986,1.0147,1.0407,1.0353,1.0152,1.054,1.045,1.0257,1.0488,1.0505,1.0424,0.99056,0.99356,1.0373,0.97885,1.037,1.0262,1.0475,1.0436,1.026,-0.69755,0.59166,0.57475,-0.65674,-0.70908,0.25213,0.21714,0.28161,-0.13975,0.29248,0.12491,0.29151,-0.96915,0.17991,0.36064,0.25528,1.106,0.652,-1.8746,-0.03037,-0.074715,0.47571,0.23197,0.12976,-0.69787,-0.70994,0.81815,0.61797,-0.11045,-0.69106,0.56475,-1.4096,-1.4548,0.70973,0.056187,0.53942,-0.51301,0.48308,-0.1852,0.44647,0.79291,0.46525,0.43961,0.36441,0.69442,-0.49078,26.818,-14.203,4.1809,38.33,3.9447
1.0514,1.0652,1.0572,1.0495,1.0678,1.0629,1.0555,1.0601,1.0611,1.059,17.925,17.996,17.938,17.918,17.936,17.949,17.909,17.897,17.887,18.004,17.985,17.983,17.988,17.954,17.942,17.967,17.954,17.94,18.062,18.056,17.999,18.069,18.065,17.965,18.025,18.009,17.963,18.05,18.093,18.051,18.065,18.181,18.143,18.177,18.15,18.196,18.132,18.204,17.885,0.9284,0,2.4138,0,1.8865,0,0,0,0,0,0,0,0,0,0,0,0,0,0,0,0,0,0,0,0,0,0,0,0,0,0,0,0,0,-1.033,-1.9911,0,0,0,0,0,0,0,0,0,0,0,0,0,1.0461,1.045,1.0221,0.99886,0.99427,0.99717,0.94151,0.95527,1.0114,1.0092,1.0039,0.99127,1.0058,1.002,0.99532,1.0076,1.016,1.017,1.0409,0.986,1.0147,1.0407,1.0353,1.0152,1.054,1.045,1.0257,1.0488,1.0505,1.0424,0.99054,0.99356,1.0373,0.97885,1.037,1.0262,1.0475,1.0436,1.026,-0.69684,0.5914,0.57347,-0.6581,-0.70914,0.25158,0.21671,0.28222,-0.13914,0.29095,0.11986,0.28867,-0.9703,0.17924,0.36065,0.25555,1.1064,0.65242,-1.8717,-0.030272,-0.074619,0.47535,0.23208,0.12919,-0.69753,-0.71175,0.81766,0.61846,-0.1107,-0.69072,0.55866,-1.3951,-1.4577,0.71043,0.058592,0.54076,-0.51365,0.48037,-0.18559,0.44863,0.79336,0.46551,0.43961,0.36359,0.69506,-0.48741,26.818,-14.203,4.1809,38.33,3.9447
1.0592,1.0592,1.0585,1.0601,1.0577,1.0586,1.0594,1.0585,1.0586,1.059,18.349,18.42,18.362,18.342,18.36,18.373,18.332,18.321,18.311,18.427,18.408,18.407,18.412,18.378,18.366,18.391,18.378,18.363,18.486,18.479,18.423,18.493,18.489,18.389,18.449,18.432,18.386,18.474,18.517,18.474,18.489,18.604,18.567,18.6,18.574,18.62,18.556,18.628,18.308,0.9284,0,2.4138,0,1.8865,0,0,0,0,0,0,0,0,0,0,0,0,0,0,0,0,0,0,0,0,0,0,0,0,0,0,0,0,0,-1.033,-1.9911,0,0,0,0,0,0,0,0,0,0,0,0,0,1.0461,1.045,1.0221,0.99886,0.99427,0.99717,0.94151,0.95527,1.0114,1.0092,1.0039,0.99127,1.0058,1.002,0.99532,1.0076,1.016,1.017,1.0409,0.986,1.0147,1.0407,1.0353,1.0152,1.054,1.045,1.0257,1.0488,1.0505,1.0424,0.99051,0.99356,1.0373,0.97884,1.037,1.0262,1.0475,1.0436,1.026,-0.69566,0.59123,0.57197,-0.65995,-0.71243,0.25126,0.21625,0.28447,-0.13762,0.28729,0.10719,0.28182,-0.97361,0.17742,0.36031,0.25583,1.108,0.65312,-1.8654,-0.030006,-0.074442,0.4742,0.23213,0.12765,-0.69714,-0.71633,0.81697,0.61966,-0.11181,-0.6898,0.54004,-1.3585,-1.4623,0.71254,0.063071,0.54531,-0.5152,0.47327,-0.18563,0.45417,0.79427,0.46663,0.44011,0.36216,0.69763,-0.48073,26.818,-14.203,4.1809,38.33,3.9447
1.0642,1.0552,1.0595,1.0663,1.0518,1.056,1.0616,1.0578,1.0572,1.059,18.772,18.843,18.785,18.766,18.783,18.796,18.756,18.744,18.734,18.851,18.832,18.83,18.835,18.801,18.789,18.814,18.802,18.787,18.91,18.902,18.847,18.916,18.912,18.813,18.872,18.856,18.81,18.897,18.94,18.898,18.913,19.028,18.991,19.024,18.997,19.043,18.979,19.051,18.732,0.9284,0,2.4138,0,1.8865,0,0,0,0,0,0,0,0,0,0,0,0,0,0,0,0,0,0,0,0,0,0,0,0,0,0,0,0,0,-1.033,-1.9911,0,0,0,0,0,0,0,0,0,0,0,0,0,1.0461,1.045,1.0221,0.99886,0.99427,0.99717,0.94151,0.95527,1.0114,1.0092,1.0039,0.99127,1.0058,1.002,0.99532,1.0076,1.016,1.017,1.0409,0.986,1.0147,1.0407,1.0353,1.0152,1.054,1.045,1.0257,1.0488,1.0505,1.0424,0.9905,0.99356,1.0373,0.97884,1.037,1.0262,1.0475,1.0436,1.026,-0.69532,0.59151,0.57233,-0.6598,-0.71747,0.2519,0.21642,0.28661,-0.13655,0.28488,0.098373,0.27727,-0.97616,0.17605,0.35977,0.25569,1.1095,0.65329,-1.8617,-0.029805,-0.074368,0.47316,0.23194,0.12647,-0.69721,-0.71961,0.81698,0.62047,-0.11297,-0.68908,0.52441,-1.3325,-1.4627,0.71431,0.064795,0.54966,-0.51623,0.46785,-0.18491,0.45825,0.79472,0.46777,0.44087,0.36169,0.70019,-0.47773,26.818,-14.203,4.1809,38.33,3.9447
1.0596,1.0583,1.0594,1.0584,1.0594,1.059,1.0588,1.0595,1.0589,1.059,19.196,19.267,19.209,19.189,19.207,19.22,19.18,19.168,19.158,19.274,19.255,19.254,19.259,19.225,19.213,19.238,19.225,19.211,19.333,19.326,19.27,19.34,19.336,19.236,19.296,19.28,19.233,19.321,19.364,19.322,19.336,19.451,19.414,19.447,19.421,19.467,19.403,19.475,19.155,0.9284,0,2.4138,0,1.8865,0,0,0,0,0,0,0,0,0,0,0,0,0,0,0,0,0,0,0,0,0,0,0,0,0,0,0,0,0,-1.033,-1.9911,0,0,0,0,0,0,0,0,0,0,0,0,0,1.0461,1.045,1.0221,0.99886,0.99427,0.99717,0.94151,0.95527,1.0114,1.0092,1.0039,0.99127,1.0058,1.002,0.99532,1.0076,1.016,1.017,1.0409,0.986,1.0147,1.0407,1.0353,1.0152,1.054,1.045,1.0257,1.0488,1.0505,1.0424,0.99052,0.99356,1.0373,0.97884,1.037,1.0262,1.0475,1.0436,1.026,-0.69706,0.59258,0.57658,-0.65526,-0.72287,0.2542,0.21789,0.28698,-0.13723,0.28696,0.10445,0.2811,-0.97518,0.17664,0.35915,0.25469,1.1095,0.65213,-1.8661,-0.029894,-0.074572,0.47309,0.23139,0.12691,-0.69825,-0.71766,0.81853,0.61982,-0.11342,-0.68931,0.5267,-1.3488,-1.4534,0.71407,0.059117,0.55049,-0.51535,0.46998,-0.183,0.45623,0.79378,0.46818,0.44166,0.36371,0.70091,-0.48513,26.818,-14.203,4.1809,38.33,3.9447
